x1 = 5.0;
y1 = 5.0;
x2 = 26.0;
y2 = 16.0;
